[
    [
        [
            -0.22061631997392755,
            0.0,
            0.975360671424249,
            -12.026777840418488
        ],
        [
            0.0,
            1.0,
            0.0,
            0.2535
        ],
        [
            -0.975360671424249,
            -0.0,
            -0.22061631997392753,
            15.914846602980624
        ],
        [
            0.0,
            0.0,
            0.0,
            1.0
        ]
    ],
    [
        [
            -0.22446870360212132,
            0.0,
            0.9744812984881664,
            -11.963766038029794
        ],
        [
            0.0,
            1.0,
            0.0,
            0.2535
        ],
        [
            -0.9744812984881664,
            -0.0,
            -0.22446870360212134,
            15.958063101756363
        ],
        [
            0.0,
            0.0,
            0.0,
            1.0
        ]
    ],
    [
        [
            -0.22587277891480653,
            0.0,
            0.9741568086018302,
            -11.940716794010712
        ],
        [
            0.0,
            1.0,
            0.0,
            0.2535
        ],
        [
            -0.9741568086018303,
            -0.0,
            -0.2258727789148065,
            15.969717346457061
        ],
        [
            0.0,
            0.0,
            0.0,
            1.0
        ]
    ],
    [
        [
            -0.22217278094351273,
            0.0,
            0.9750073104381453,
            -12.001213436830422
        ],
        [
            0.0,
            1.0,
            0.0,
            0.2535
        ],
        [
            -0.9750073104381453,
            -0.0,
            -0.22217278094351273,
            15.917643691289891
        ],
        [
            0.0,
            0.0,
            0.0,
            1.0
        ]
    ],
    [
        [
            -0.20776082399867007,
            0.0,
            0.9781796563062399,
            -12.234731777651467
        ],
        [
            0.0,
            1.0,
            0.0,
            0.2535
        ],
        [
            -0.9781796563062398,
            -0.0,
            -0.20776082399867005,
            15.731379053246233
        ],
        [
            0.0,
            0.0,
            0.0,
            1.0
        ]
    ],
    [
        [
            -0.17202756602923777,
            0.0,
            0.9850921360593924,
            -12.798975005795269
        ],
        [
            0.0,
            1.0000000000000002,
            0.0,
            0.25350000000000006
        ],
        [
            -0.9850921360593924,
            -0.0,
            -0.17202756602923777,
            15.267706407727559
        ],
        [
            0.0,
            0.0,
            0.0,
            1.0
        ]
    ],
    [
        [
            -0.10372608786551389,
            0.0,
            0.99460590119711,
            -13.820597395445338
        ],
        [
            0.0,
            1.0,
            0.0,
            0.2535
        ],
        [
            -0.9946059011971101,
            -0.0,
            -0.10372608786551388,
            14.34084040988123
        ],
        [
            0.0,
            0.0,
            0.0,
            1.0
        ]
    ],
    [
        [
            -0.047430701647732956,
            0.0,
            0.9988745309302886,
            -14.60783201308441
        ],
        [
            0.0,
            1.0,
            0.0,
            0.2535
        ],
        [
            -0.9988745309302886,
            -0.0,
            -0.047430701647732956,
            13.5292674940332
        ],
        [
            0.0,
            0.0,
            0.0,
            1.0
        ]
    ],
    [
        [
            0.011790926855804795,
            0.0,
            0.9999304846057455,
            -15.383136233780657
        ],
        [
            0.0,
            1.0,
            0.0,
            0.2535
        ],
        [
            -0.9999304846057455,
            -0.0,
            0.011790926855804795,
            12.631650660030328
        ],
        [
            0.0,
            0.0,
            0.0,
            1.0
        ]
    ],
    [
        [
            0.06064306681774683,
            0.0,
            0.9981595155319304,
            -15.98203447015305
        ],
        [
            0.0,
            1.0,
            0.0,
            0.2535
        ],
        [
            -0.9981595155319305,
            -0.0,
            0.060643066817746824,
            11.855564397877465
        ],
        [
            0.0,
            0.0,
            0.0,
            1.0
        ]
    ],
    [
        [
            0.08869875771726121,
            0.0,
            0.9960584974686049,
            -16.30927726019954
        ],
        [
            0.0,
            1.0,
            0.0,
            0.2535
        ],
        [
            -0.9960584974686048,
            -0.0,
            0.08869875771726121,
            11.39187547377113
        ],
        [
            0.0,
            0.0,
            0.0,
            1.0
        ]
    ],
    [
        [
            0.0981045420181687,
            0.0,
            0.9951761144819572,
            -16.416263287579863
        ],
        [
            0.0,
            1.0,
            0.0,
            0.2535
        ],
        [
            -0.995176114481957,
            -0.0,
            0.09810454201816869,
            11.227748381339271
        ],
        [
            0.0,
            0.0,
            0.0,
            1.0
        ]
    ],
    [
        [
            0.10002164684928092,
            0.0,
            0.9949852612785569,
            -16.437960943866063
        ],
        [
            0.0,
            1.0000000000000002,
            0.0,
            0.25350000000000006
        ],
        [
            -0.9949852612785568,
            -0.0,
            0.10002164684928092,
            11.186437135006265
        ],
        [
            0.0,
            0.0,
            0.0,
            1.0
        ]
    ],
    [
        [
            0.09915943371583152,
            0.0,
            0.9950715585851881,
            -16.428344964770158
        ],
        [
            0.0,
            1.0,
            0.0,
            0.2535
        ],
        [
            -0.9950715585851881,
            -0.0,
            0.09915943371583152,
            11.190925436797844
        ],
        [
            0.0,
            0.0,
            0.0,
            1.0
        ]
    ],
    [
        [
            0.09859670081352293,
            0.0,
            0.9951274745421756,
            -16.4220749144845
        ],
        [
            0.0,
            0.9999999999999998,
            0.0,
            0.25349999999999995
        ],
        [
            -0.9951274745421756,
            -0.0,
            0.09859670081352293,
            11.190394072922713
        ],
        [
            0.0,
            0.0,
            0.0,
            1.0
        ]
    ],
    [
        [
            0.1019277893749413,
            0.0,
            0.9947918002040114,
            -16.459475003104213
        ],
        [
            0.0,
            1.0,
            0.0,
            0.2535
        ],
        [
            -0.9947918002040114,
            -0.0,
            0.1019277893749413,
            11.125481830863261
        ],
        [
            0.0,
            0.0,
            0.0,
            1.0
        ]
    ],
    [
        [
            0.1042802798846304,
            0.0,
            0.9945479491845444,
            -16.485767317114902
        ],
        [
            0.0,
            1.0000000000000002,
            0.0,
            0.25350000000000006
        ],
        [
            -0.9945479491845445,
            -0.0,
            0.1042802798846304,
            11.076610815085237
        ],
        [
            0.0,
            0.0,
            0.0,
            1.0
        ]
    ],
    [
        [
            0.10087020602801722,
            0.0,
            0.9948995936956982,
            -16.447749363677435
        ],
        [
            0.0,
            1.0,
            0.0,
            0.2535
        ],
        [
            -0.9948995936956981,
            -0.0,
            0.1008702060280172,
            11.123117551873735
        ],
        [
            0.0,
            0.0,
            0.0,
            1.0
        ]
    ],
    [
        [
            0.08616050933039109,
            0.0,
            0.9962812688352257,
            -16.28172670082078
        ],
        [
            0.0,
            1.0,
            0.0,
            0.2535
        ],
        [
            -0.9962812688352258,
            -0.0,
            0.08616050933039109,
            11.354939100586517
        ],
        [
            0.0,
            0.0,
            0.0,
            1.0
        ]
    ],
    [
        [
            0.06077743575211748,
            0.0,
            0.9981513428851344,
            -15.98761124838941
        ],
        [
            0.0,
            1.0,
            0.0,
            0.2535
        ],
        [
            -0.9981513428851345,
            -0.0,
            0.06077743575211748,
            11.755656161924838
        ],
        [
            0.0,
            0.0,
            0.0,
            1.0
        ]
    ],
    [
        [
            0.02723134438688407,
            0.0,
            0.9996291581796136,
            -15.584096357373397
        ],
        [
            0.0,
            1.0,
            0.0,
            0.2535
        ],
        [
            -0.9996291581796136,
            -0.0,
            0.027231344386884074,
            12.27582149312323
        ],
        [
            0.0,
            0.0,
            0.0,
            1.0
        ]
    ],
    [
        [
            -0.02222734591660042,
            0.0,
            0.9997529420279312,
            -14.958339787742446
        ],
        [
            0.0,
            1.0,
            0.0,
            0.2535
        ],
        [
            -0.9997529420279312,
            -0.0,
            -0.02222734591660042,
            13.021383229334372
        ],
        [
            0.0,
            0.0,
            0.0,
            1.0
        ]
    ],
    [
        [
            -0.09832768037574047,
            0.0,
            0.9951540922248807,
            -13.923247686720725
        ],
        [
            0.0,
            1.0,
            0.0,
            0.2535
        ],
        [
            -0.9951540922248806,
            -0.0,
            -0.09832768037574048,
            14.113219006045501
        ],
        [
            0.0,
            0.0,
            0.0,
            1.0
        ]
    ],
    [
        [
            -0.20430526580671787,
            0.0,
            0.9789072266377681,
            -12.332802664693727
        ],
        [
            0.0,
            1.0000000000000002,
            0.0,
            0.25350000000000006
        ],
        [
            -0.9789072266377681,
            -0.0,
            -0.20430526580671787,
            15.512954765601439
        ],
        [
            0.0,
            0.0,
            0.0,
            1.0
        ]
    ],
    [
        [
            -0.35712527628917773,
            0.0,
            0.9340564956336305,
            -9.714375770607536
        ],
        [
            0.0,
            1.0,
            0.0,
            0.2535
        ],
        [
            -0.9340564956336306,
            -0.0,
            -0.35712527628917773,
            17.26462286429015
        ],
        [
            0.0,
            0.0,
            0.0,
            1.0
        ]
    ],
    [
        [
            -0.5381167404081355,
            0.0,
            0.8428703184313252,
            -6.034924619575375
        ],
        [
            0.0,
            1.0000000000000002,
            0.0,
            0.25350000000000006
        ],
        [
            -0.8428703184313251,
            -0.0,
            -0.5381167404081355,
            18.85961056794514
        ],
        [
            0.0,
            0.0,
            0.0,
            1.0
        ]
    ],
    [
        [
            -0.7006699882826682,
            0.0,
            0.7134855061737173,
            -2.0084955970099037
        ],
        [
            0.0,
            1.0,
            0.0,
            0.2535
        ],
        [
            -0.7134855061737173,
            -0.0,
            -0.7006699882826682,
            19.690978253736326
        ],
        [
            0.0,
            0.0,
            0.0,
            1.0
        ]
    ],
    [
        [
            -0.8315344764187926,
            -0.0,
            0.5554731447396214,
            2.051657406097528
        ],
        [
            0.0,
            1.0,
            0.0,
            0.2535
        ],
        [
            -0.5554731447396213,
            -0.0,
            -0.8315344764187926,
            19.678132483171115
        ],
        [
            0.0,
            0.0,
            0.0,
            1.0
        ]
    ],
    [
        [
            -0.9249639063025501,
            -0.0,
            0.3800549592329077,
            5.902212974164322
        ],
        [
            0.0,
            1.0,
            0.0,
            0.2535
        ],
        [
            -0.3800549592329078,
            -0.0,
            -0.9249639063025501,
            18.87562011048801
        ],
        [
            0.0,
            0.0,
            0.0,
            1.0
        ]
    ],
    [
        [
            -0.976725591184023,
            -0.0,
            0.214492702734198,
            9.075034715353413
        ],
        [
            0.0,
            1.0000000000000002,
            0.0,
            0.25350000000000006
        ],
        [
            -0.214492702734198,
            -0.0,
            -0.9767255911840229,
            17.563573513730866
        ],
        [
            0.0,
            0.0,
            0.0,
            1.0
        ]
    ],
    [
        [
            -0.9972507878082172,
            -0.0,
            0.07410037932352302,
            11.469324899924537
        ],
        [
            0.0,
            1.0,
            0.0,
            0.2535
        ],
        [
            -0.07410037932352302,
            -0.0,
            -0.9972507878082173,
            16.094191673635184
        ],
        [
            0.0,
            0.0,
            0.0,
            1.0
        ]
    ],
    [
        [
            -0.9988260342236723,
            -0.0,
            -0.04844123612183227,
            13.351880442966293
        ],
        [
            0.0,
            1.0,
            0.0,
            0.2535
        ],
        [
            0.04844123612183228,
            -0.0,
            -0.9988260342236724,
            14.561948636127248
        ],
        [
            0.0,
            0.0,
            0.0,
            1.0
        ]
    ],
    [
        [
            -0.98859096896297,
            -0.0,
            -0.15062501812400206,
            14.77502909784618
        ],
        [
            0.0,
            1.0000000000000002,
            0.0,
            0.25350000000000006
        ],
        [
            0.15062501812400206,
            -0.0,
            -0.98859096896297,
            13.107127599948383
        ],
        [
            0.0,
            0.0,
            0.0,
            1.0
        ]
    ],
    [
        [
            -0.972233053827001,
            -0.0,
            -0.2340147197212675,
            15.834621763650965
        ],
        [
            0.0,
            0.9999999999999998,
            0.0,
            0.25349999999999995
        ],
        [
            0.23401471972126747,
            -0.0,
            -0.9722330538270012,
            11.796474498518453
        ],
        [
            0.0,
            0.0,
            0.0,
            1.0
        ]
    ],
    [
        [
            -0.9533429144197945,
            -0.0,
            -0.3018895286782443,
            16.62603820666324
        ],
        [
            0.0,
            1.0,
            0.0,
            0.2535
        ],
        [
            0.3018895286782443,
            -0.0,
            -0.9533429144197944,
            10.64317047783292
        ],
        [
            0.0,
            0.0,
            0.0,
            1.0
        ]
    ],
    [
        [
            -0.933242734602169,
            -0.0,
            -0.35924643117540633,
            17.24198889957532
        ],
        [
            0.0,
            1.0000000000000002,
            0.0,
            0.25350000000000006
        ],
        [
            0.35924643117540633,
            -0.0,
            -0.933242734602169,
            9.60422587729275
        ],
        [
            0.0,
            0.0,
            0.0,
            1.0
        ]
    ],
    [
        [
            -0.9127804410570672,
            -0.0,
            -0.40845056790714085,
            17.729197912788347
        ],
        [
            0.0,
            1.0000000000000002,
            0.0,
            0.25350000000000006
        ],
        [
            0.40845056790714085,
            -0.0,
            -0.9127804410570673,
            8.66268128491718
        ],
        [
            0.0,
            0.0,
            0.0,
            1.0
        ]
    ],
    [
        [
            -0.8922670544222527,
            -0.0,
            -0.45150803270001366,
            18.122115189088834
        ],
        [
            0.0,
            1.0,
            0.0,
            0.2535
        ],
        [
            0.45150803270001366,
            -0.0,
            -0.8922670544222528,
            7.797950611453103
        ],
        [
            0.0,
            0.0,
            0.0,
            1.0
        ]
    ],
    [
        [
            -0.8707350953847395,
            -0.0,
            -0.49175237026915136,
            18.459058300629184
        ],
        [
            0.0,
            1.0,
            0.0,
            0.2535
        ],
        [
            0.49175237026915136,
            -0.0,
            -0.8707350953847395,
            6.953275869802794
        ],
        [
            0.0,
            0.0,
            0.0,
            1.0
        ]
    ],
    [
        [
            -0.8480758045094732,
            -0.0,
            -0.5298749190192057,
            18.749161267588065
        ],
        [
            0.0,
            1.0,
            0.0,
            0.2535
        ],
        [
            0.5298749190192057,
            -0.0,
            -0.8480758045094734,
            6.118310019067157
        ],
        [
            0.0,
            0.0,
            0.0,
            1.0
        ]
    ],
    [
        [
            -0.8271272189539837,
            -0.0,
            -0.5620147361639629,
            18.970008632730124
        ],
        [
            0.0,
            1.0,
            0.0,
            0.2535
        ],
        [
            0.5620147361639629,
            -0.0,
            -0.8271272189539837,
            5.384884575411215
        ],
        [
            0.0,
            0.0,
            0.0,
            1.0
        ]
    ],
    [
        [
            -0.8107258023748241,
            -0.0,
            -0.585426061397763,
            19.116156231442897
        ],
        [
            0.0,
            1.0,
            0.0,
            0.2535
        ],
        [
            0.585426061397763,
            -0.0,
            -0.8107258023748242,
            4.830675102346657
        ],
        [
            0.0,
            0.0,
            0.0,
            1.0
        ]
    ],
    [
        [
            -0.7973963872307386,
            -0.0,
            -0.6034558820919438,
            19.219638849536747
        ],
        [
            0.0,
            1.0,
            0.0,
            0.2535
        ],
        [
            0.6034558820919438,
            -0.0,
            -0.7973963872307388,
            4.391007961202413
        ],
        [
            0.0,
            0.0,
            0.0,
            1.0
        ]
    ],
    [
        [
            -0.7860467312060877,
            -0.0,
            -0.618167078030062,
            19.297888273585606
        ],
        [
            0.0,
            1.0,
            0.0,
            0.2535
        ],
        [
            0.618167078030062,
            -0.0,
            -0.7860467312060877,
            4.023261809020673
        ],
        [
            0.0,
            0.0,
            0.0,
            1.0
        ]
    ],
    [
        [
            -0.7782232337730123,
            -0.0,
            -0.6279877374725369,
            19.346882154000202
        ],
        [
            0.0,
            1.0,
            0.0,
            0.2535
        ],
        [
            0.6279877374725369,
            -0.0,
            -0.7782232337730121,
            3.7707204329208213
        ],
        [
            0.0,
            0.0,
            0.0,
            1.0
        ]
    ],
    [
        [
            -0.7750956242273304,
            -0.0,
            -0.6318439469549779,
            19.36539151340264
        ],
        [
            0.0,
            1.0,
            0.0,
            0.2535
        ],
        [
            0.6318439469549779,
            -0.0,
            -0.7750956242273305,
            3.6646647240136607
        ],
        [
            0.0,
            0.0,
            0.0,
            1.0
        ]
    ],
    [
        [
            -0.7749349799011148,
            -0.0,
            -0.6320409614302375,
            19.36635715974294
        ],
        [
            0.0,
            1.0,
            0.0,
            0.2535
        ],
        [
            0.6320409614302375,
            -0.0,
            -0.7749349799011145,
            3.649770722332876
        ],
        [
            0.0,
            0.0,
            0.0,
            1.0
        ]
    ],
    [
        [
            -0.7756344119235582,
            -0.0,
            -0.6311824292864907,
            19.36233531502341
        ],
        [
            0.0,
            1.0,
            0.0,
            0.2535
        ],
        [
            0.6311824292864907,
            -0.0,
            -0.775634411923558,
            3.6612276551285596
        ],
        [
            0.0,
            0.0,
            0.0,
            1.0
        ]
    ],
    [
        [
            -0.77553108048379,
            -0.0,
            -0.6313093878627543,
            19.362951527897092
        ],
        [
            0.0,
            1.0,
            0.0,
            0.2535
        ],
        [
            0.6313093878627543,
            -0.0,
            -0.7755310804837899,
            3.648058723761544
        ],
        [
            0.0,
            0.0,
            0.0,
            1.0
        ]
    ],
    [
        [
            -0.7734479112033845,
            -0.0,
            -0.6338598651556363,
            19.374857184137035
        ],
        [
            0.0,
            1.0,
            0.0,
            0.2535
        ],
        [
            0.6338598651556363,
            -0.0,
            -0.7734479112033846,
            3.5742660854199912
        ],
        [
            0.0,
            0.0,
            0.0,
            1.0
        ]
    ],
    [
        [
            -0.7719959909636444,
            -0.0,
            -0.6356273986669084,
            19.382984976456825
        ],
        [
            0.0,
            1.0,
            0.0,
            0.2535
        ],
        [
            0.6356273986669084,
            -0.0,
            -0.7719959909636444,
            3.519923306367211
        ],
        [
            0.0,
            0.0,
            0.0,
            1.0
        ]
    ],
    [
        [
            -0.77361400577098,
            -0.0,
            -0.6336571392125068,
            19.373975341129874
        ],
        [
            0.0,
            1.0,
            0.0,
            0.2535
        ],
        [
            0.6336571392125068,
            -0.0,
            -0.77361400577098,
            3.559307599946876
        ],
        [
            0.0,
            0.0,
            0.0,
            1.0
        ]
    ],
    [
        [
            -0.7789951047320912,
            -0.0,
            -0.6270300047074605,
            19.34293694466552
        ],
        [
            0.0,
            1.0,
            0.0,
            0.2535
        ],
        [
            0.6270300047074605,
            -0.0,
            -0.7789951047320913,
            3.714543440584806
        ],
        [
            0.0,
            0.0,
            0.0,
            1.0
        ]
    ],
    [
        [
            -0.7856057015447853,
            -0.0,
            -0.618727469650674,
            19.302486209383524
        ],
        [
            0.0,
            1.0,
            0.0,
            0.2535
        ],
        [
            0.618727469650674,
            -0.0,
            -0.7856057015447853,
            3.909589178975694
        ],
        [
            0.0,
            0.0,
            0.0,
            1.0
        ]
    ],
    [
        [
            -0.7926013331952934,
            -0.0,
            -0.6097402123995462,
            19.256769058005737
        ],
        [
            0.0,
            1.0,
            0.0,
            0.2535
        ],
        [
            0.6097402123995463,
            -0.0,
            -0.7926013331952934,
            4.119140869068074
        ],
        [
            0.0,
            0.0,
            0.0,
            1.0
        ]
    ],
    [
        [
            -0.7995119997673535,
            -0.0,
            -0.6006501163139878,
            19.208539140737287
        ],
        [
            0.0,
            1.0,
            0.0,
            0.2535
        ],
        [
            0.6006501163139878,
            -0.0,
            -0.7995119997673535,
            4.3287289395298885
        ],
        [
            0.0,
            0.0,
            0.0,
            1.0
        ]
    ],
    [
        [
            -0.8062995798035838,
            -0.0,
            -0.5915073859290045,
            19.158063423430058
        ],
        [
            0.0,
            1.0000000000000002,
            0.0,
            0.25350000000000006
        ],
        [
            0.5915073859290045,
            -0.0,
            -0.8062995798035839,
            4.537141127911765
        ],
        [
            0.0,
            0.0,
            0.0,
            1.0
        ]
    ],
    [
        [
            -0.8130995621697303,
            -0.0,
            -0.582124644727736,
            19.104262522626293
        ],
        [
            0.0,
            1.0,
            0.0,
            0.2535
        ],
        [
            0.582124644727736,
            -0.0,
            -0.8130995621697303,
            4.748803401058471
        ],
        [
            0.0,
            0.0,
            0.0,
            1.0
        ]
    ],
    [
        [
            -0.8198891821540415,
            -0.0,
            -0.5725222519577535,
            19.047155148610997
        ],
        [
            0.0,
            1.0000000000000002,
            0.0,
            0.25350000000000006
        ],
        [
            0.5725222519577534,
            -0.0,
            -0.8198891821540413,
            4.963114442171028
        ],
        [
            0.0,
            0.0,
            0.0,
            1.0
        ]
    ],
    [
        [
            -0.8266586596878668,
            -0.0,
            -0.5627037056596123,
            18.98667283342893
        ],
        [
            0.0,
            1.0,
            0.0,
            0.2535
        ],
        [
            0.5627037056596123,
            -0.0,
            -0.8266586596878668,
            5.179885056910507
        ],
        [
            0.0,
            0.0,
            0.0,
            1.0
        ]
    ],
    [
        [
            -0.8314550187383666,
            -0.0,
            -0.5555920732108969,
            18.941584400647447
        ],
        [
            0.0,
            1.0,
            0.0,
            0.2535
        ],
        [
            0.5555920732108969,
            -0.0,
            -0.8314550187383665,
            5.332530026305935
        ],
        [
            0.0,
            0.0,
            0.0,
            1.0
        ]
    ],
    [
        [
            -0.8367613221739877,
            -0.0,
            -0.5475677946278799,
            18.88946077256147
        ],
        [
            0.0,
            1.0,
            0.0,
            0.2535
        ],
        [
            0.5475677946278799,
            -0.0,
            -0.8367613221739876,
            5.504471228536251
        ],
        [
            0.0,
            0.0,
            0.0,
            1.0
        ]
    ],
    [
        [
            -0.8452005824629492,
            -0.0,
            -0.5344492262173194,
            18.80138847812274
        ],
        [
            0.0,
            1.0,
            0.0,
            0.2535
        ],
        [
            0.5344492262173193,
            -0.0,
            -0.8452005824629492,
            5.7884123337912445
        ],
        [
            0.0,
            0.0,
            0.0,
            1.0
        ]
    ],
    [
        [
            -0.8585870213913993,
            -0.0,
            -0.512667852218417,
            18.647405565942016
        ],
        [
            0.0,
            1.0,
            0.0,
            0.2535
        ],
        [
            0.512667852218417,
            -0.0,
            -0.8585870213913994,
            6.257135858350825
        ],
        [
            0.0,
            0.0,
            0.0,
            1.0
        ]
    ],
    [
        [
            -0.8727566449840217,
            -0.0,
            -0.48815554758318014,
            18.462940663107673
        ],
        [
            0.0,
            1.0,
            0.0,
            0.2535
        ],
        [
            0.48815554758318014,
            -0.0,
            -0.8727566449840218,
            6.77252602380716
        ],
        [
            0.0,
            0.0,
            0.0,
            1.0
        ]
    ],
    [
        [
            -0.8882021492562875,
            -0.0,
            -0.45945287250871736,
            18.23258591687674
        ],
        [
            0.0,
            1.0,
            0.0,
            0.2535
        ],
        [
            0.4594528725087173,
            -0.0,
            -0.8882021492562874,
            7.360635225554442
        ],
        [
            0.0,
            0.0,
            0.0,
            1.0
        ]
    ],
    [
        [
            -0.9051591542788776,
            -0.0,
            -0.42507282367277627,
            17.937275240329164
        ],
        [
            0.0,
            1.0,
            0.0,
            0.2535
        ],
        [
            0.42507282367277627,
            -0.0,
            -0.9051591542788775,
            8.044042564424203
        ],
        [
            0.0,
            0.0,
            0.0,
            1.0
        ]
    ],
    [
        [
            -0.9231627430840507,
            -0.0,
            -0.38440935183932623,
            17.562129235534435
        ],
        [
            0.0,
            1.0,
            0.0,
            0.2535
        ],
        [
            0.3844093518393262,
            -0.0,
            -0.9231627430840507,
            8.823602712168915
        ],
        [
            0.0,
            0.0,
            0.0,
            1.0
        ]
    ],
    [
        [
            -0.9405080764756054,
            -0.0,
            -0.33977133205165644,
            17.119793024808942
        ],
        [
            0.0,
            1.0000000000000002,
            0.0,
            0.25350000000000006
        ],
        [
            0.3397713320516565,
            -0.0,
            -0.9405080764756053,
            9.644335169882277
        ],
        [
            0.0,
            0.0,
            0.0,
            1.0
        ]
    ],
    [
        [
            -0.956324139583813,
            -0.0,
            -0.292308296237517,
            16.61627288946908
        ],
        [
            0.0,
            1.0000000000000002,
            0.0,
            0.25350000000000006
        ],
        [
            0.292308296237517,
            -0.0,
            -0.956324139583813,
            10.478549235641681
        ],
        [
            0.0,
            0.0,
            0.0,
            1.0
        ]
    ],
    [
        [
            -0.9701834091641914,
            -0.0,
            -0.24237193026946632,
            16.05135666327716
        ],
        [
            0.0,
            1.0,
            0.0,
            0.2535
        ],
        [
            0.24237193026946632,
            -0.0,
            -0.9701834091641915,
            11.315394180503827
        ],
        [
            0.0,
            0.0,
            0.0,
            1.0
        ]
    ],
    [
        [
            -0.9811845382273633,
            -0.0,
            -0.1930722712964132,
            15.459744313173184
        ],
        [
            0.0,
            1.0,
            0.0,
            0.2535
        ],
        [
            0.19307227129641316,
            -0.0,
            -0.9811845382273632,
            12.101588018544973
        ],
        [
            0.0,
            0.0,
            0.0,
            1.0
        ]
    ],
    [
        [
            -0.9903105354025422,
            -0.0,
            -0.1388705997348979,
            14.77175451172191
        ],
        [
            0.0,
            1.0,
            0.0,
            0.2535
        ],
        [
            0.1388705997348979,
            -0.0,
            -0.9903105354025423,
            12.92283696307291
        ],
        [
            0.0,
            0.0,
            0.0,
            1.0
        ]
    ],
    [
        [
            -0.9972633765495056,
            -0.0,
            -0.07393076350937655,
            13.897021548573107
        ],
        [
            0.0,
            1.0000000000000002,
            0.0,
            0.25350000000000006
        ],
        [
            0.07393076350937657,
            -0.0,
            -0.9972633765495055,
            13.849655879468768
        ],
        [
            0.0,
            0.0,
            0.0,
            1.0
        ]
    ],
    [
        [
            -0.999994812455012,
            -0.0,
            0.0032210344713753665,
            12.787583552058797
        ],
        [
            0.0,
            1.0000000000000002,
            0.0,
            0.25350000000000006
        ],
        [
            -0.0032210344713753665,
            -0.0,
            -0.9999948124550119,
            14.870621389444235
        ],
        [
            0.0,
            0.0,
            0.0,
            1.0
        ]
    ],
    [
        [
            -0.996392729596388,
            -0.0,
            0.08486181949180163,
            11.531053166479786
        ],
        [
            0.0,
            1.0,
            0.0,
            0.2535
        ],
        [
            -0.08486181949180163,
            -0.0,
            -0.9963927295963879,
            15.855333628100214
        ],
        [
            0.0,
            0.0,
            0.0,
            1.0
        ]
    ],
    [
        [
            -0.9860168144620267,
            -0.0,
            0.16664585682865599,
            10.186250529391918
        ],
        [
            0.0,
            0.9999999999999998,
            0.0,
            0.25349999999999995
        ],
        [
            -0.16664585682865596,
            -0.0,
            -0.9860168144620267,
            16.741542542911265
        ],
        [
            0.0,
            0.0,
            0.0,
            1.0
        ]
    ],
    [
        [
            -0.9690479087029613,
            -0.0,
            0.2468727417889979,
            8.780688781910984
        ],
        [
            0.0,
            1.0,
            0.0,
            0.2535
        ],
        [
            -0.2468727417889979,
            -0.0,
            -0.9690479087029613,
            17.510158746534643
        ],
        [
            0.0,
            0.0,
            0.0,
            1.0
        ]
    ],
    [
        [
            -0.9452322580719693,
            -0.0,
            0.3263984961671326,
            7.298439246457111
        ],
        [
            0.0,
            1.0,
            0.0,
            0.2535
        ],
        [
            -0.3263984961671326,
            -0.0,
            -0.9452322580719694,
            18.16846541974788
        ],
        [
            0.0,
            0.0,
            0.0,
            1.0
        ]
    ],
    [
        [
            -0.9149395090868386,
            -0.0,
            0.40359099929499753,
            5.768400216988088
        ],
        [
            0.0,
            1.0,
            0.0,
            0.2535
        ],
        [
            -0.40359099929499753,
            -0.0,
            -0.9149395090868386,
            18.701053171247114
        ],
        [
            0.0,
            0.0,
            0.0,
            1.0
        ]
    ],
    [
        [
            -0.8786971118402332,
            -0.0,
            0.4773797080350531,
            4.213158727170011
        ],
        [
            0.0,
            1.0000000000000002,
            0.0,
            0.25350000000000006
        ],
        [
            -0.47737970803505314,
            -0.0,
            -0.8786971118402334,
            19.102046947587585
        ],
        [
            0.0,
            0.0,
            0.0,
            1.0
        ]
    ],
    [
        [
            -0.835334080716474,
            -0.0,
            0.5497426430554241,
            2.58848447949558
        ],
        [
            0.0,
            1.0,
            0.0,
            0.2535
        ],
        [
            -0.5497426430554241,
            -0.0,
            -0.8353340807164741,
            19.379571207463353
        ],
        [
            0.0,
            0.0,
            0.0,
            1.0
        ]
    ],
    [
        [
            -0.7881448902153544,
            -0.0,
            0.6154897497338415,
            1.0132428150186341
        ],
        [
            0.0,
            1.0,
            0.0,
            0.2535
        ],
        [
            -0.6154897497338415,
            -0.0,
            -0.7881448902153545,
            19.515814614280647
        ],
        [
            0.0,
            0.0,
            0.0,
            1.0
        ]
    ],
    [
        [
            -0.7414407686799881,
            -0.0,
            0.6710183205689906,
            -0.40425356412212204
        ],
        [
            0.0,
            1.0000000000000002,
            0.0,
            0.25350000000000006
        ],
        [
            -0.6710183205689905,
            -0.0,
            -0.7414407686799884,
            19.528295534782004
        ],
        [
            0.0,
            0.0,
            0.0,
            1.0
        ]
    ],
    [
        [
            -0.6964057696533064,
            0.0,
            0.7176482453079546,
            -1.668447851551856
        ],
        [
            0.0,
            1.0,
            0.0,
            0.2535
        ],
        [
            -0.7176482453079545,
            -0.0,
            -0.6964057696533064,
            19.45142317486782
        ],
        [
            0.0,
            0.0,
            0.0,
            1.0
        ]
    ],
    [
        [
            -0.6505434073861539,
            0.0,
            0.7594690744898128,
            -2.871721195528602
        ],
        [
            0.0,
            1.0,
            0.0,
